2 0.4565868263473054 0.7894211576846308 0.20958083832335325 0.27345309381237526
2 0.6811377245508982 0.657684630738523 0.1616766467065868 0.20958083832335334
2 0.9019461077844312 0.2964071856287425 0.14221556886227532 0.26546906187624747
0 0.5022455089820359 0.3582834331337325 0.20209580838323354 0.26946107784431134
0 0.5396706586826346 0.12275449101796405 0.2410179640718563 0.2455089820359281
0 0.2717065868263473 0.8263473053892215 0.17215568862275452 0.25548902195608775
0 0.3794910179640716 0.9530938123752493 0.15718562874251488 0.08582834331337302
0 0.12425149700598802 0.9101796407185628 0.1706586826347305 0.1796407185628742
0 0.2529940119760478 0.9790419161676647 0.10179640718562863 0.04191616766467027
0 0.9708083832335329 0.8962075848303394 0.05838323353293418 0.20758483033932137
