1 0.3434421841541756 0.44539614561027824 0.18324411134903631 0.149892933618844
1 0.3237687366167023 0.3404710920770878 0.19561027837259096 0.13704496788008566
2 0.3691250096130237 0.2568301025566962 0.22933618843683 0.11777301927194958
1 0.4654175588865097 0.42077087794432544 0.042719486081370446 0.11349036402569596
2 0.6846359743040685 0.5835117773019272 0.13040685224839416 0.15203426124197
2 0.5913276231263382 0.7483940042826552 0.09668094218415411 0.139186295503212
2 0.30971627408993574 0.6670235546038543 0.0933083511777302 0.14346895074946459
2 0.2804871520342613 0.49250535331905804 0.0978051391862955 0.1413276231263383
2 0.22090471092077088 0.6916488222698072 0.03485010706638114 0.03854389721627413
2 0.4316916488222698 0.8458244111349038 0.11916488222698078 0.16702355460385448
0 0.5115096359743041 0.8147751605995717 0.11241970021413274 0.19486081370449682
